           nearest  nearest_latlon  obs_stn latlon
num  stnid ygd-xgd  lat-lon(model)  lat-lon(input)  grass urban water  STN_NAME
  1  47090 211 282  38.164 128.579  38.251 128.565  0.882 0.118 0.000  ( Sockcho )         THR CH  
  2  47095 211 273  38.174 127.320  38.148 127.304  0.839 0.161 0.000  ( Cheorwon )        CJF DNJS
  3  47098 213 271  37.955 127.040  37.902 127.061  0.696 0.304 0.000  ( Dongducheon )     EHDENCJS
  4  47099 214 269  37.845 126.761  37.886 126.766  0.766 0.202 0.031  ( Paju )            VK WN    
  5  47100 215 283  37.722 128.708  37.677 128.718  0.847 0.153 0.000  ( Daegwallyeong )   EORHKSFUD
  6  47101 213 276  37.953 127.737  37.903 127.736  0.809 0.146 0.045  ( Chuncheon )       CNS CJS 
  7  47104 214 284  37.830 128.850  37.805 128.855  0.830 0.138 0.032  ( Bukgangneung )    QNRRKDFMD
  8  47106 217 286  37.496 129.119  37.507 129.124  0.884 0.116 0.000  ( Donghae )         EHD GO  
  9  47108 216 270  37.625 126.900  37.571 126.966  0.370 0.571 0.059  ( Seoul )           TJ DNF  
 10  47112 216 268  37.624 126.623  37.491 126.627  0.663 0.266 0.071  ( Incheon )         DLS CJS 
 11  47114 219 278  37.290 128.007  37.338 127.947  0.853 0.147 0.000  ( Wonju )           DNJS WN 
 12  47115 217 299  37.449 130.920  37.481 130.899  0.000 0.000 0.000  ( Ulleungdo )       DNFFMDEH
 13  47119 219 271  37.295 127.039  37.270 126.988  0.766 0.234 0.000  ( Suwon )           TN DNJS 
 14  47121 220 281  37.176 128.420  37.181 128.457  0.860 0.140 0.000  ( Yeongwol )        DUD DNJF
 15  47127 222 278  36.960 128.002  36.970 127.953  0.821 0.179 0.000  ( Chungju )         CND WN  
 16  47129 224 267  36.744 126.490  36.774 126.496  0.851 0.149 0.000  ( Seosan )          TJ TKS  
 17  47130 222 288  36.940 129.379  36.992 129.413  0.917 0.083 0.000  ( Uljin )           DNF WLS 
 18  47131 225 274  36.634 127.450  36.636 127.443  0.757 0.226 0.017  ( Cheongju )        CJD WN  
 19  47133 227 273  36.415 127.312  36.369 127.374  0.744 0.211 0.044  ( Daejeon )         EO WJS  
 20  47135 229 278  36.191 127.992  36.220 127.994  0.739 0.261 0.000  ( Chupungnyeong )   CNVNDFUD
 21  47136 225 283  36.622 128.683  36.573 128.707  0.830 0.114 0.056  ( Andong )          DKS EHD 
 22  47137 227 279  36.409 128.132  36.405 128.160  0.731 0.252 0.017  ( Sangju )          TKD WN  
 23  47138 230 288  36.061 129.351  36.033 129.380  0.848 0.152 0.000  ( Pohang )          VH GKD  
 24  47140 231 269  35.975 126.766  36.002 126.763  0.777 0.162 0.061  ( Gunsan )          RNS TKS 
 25  47143 232 283  35.853 128.666  35.885 128.619  0.803 0.197 0.000  ( Daegu )           EO RN   
 26  47146 232 272  35.865 127.173  35.821 127.155  0.806 0.194 0.000  ( Jeonju )          WJS WN  
 27  47152 234 288  35.621 129.337  35.583 129.334  0.785 0.127 0.087  ( Ulsan )           DNF TKS
 28  47155 238 282  35.195 128.517  35.167 128.575  0.769 0.157 0.074  ( Changwon )        CKD DNJS
 29  47156 238 270  35.205 126.903  35.173 126.892  0.823 0.177 0.000  ( Gwangju )         RHKD WN 
 30  47159 238 286  35.186 129.054  35.105 129.032  0.621 0.379 0.000  ( Busan )           QN TKS  
 31  47162 240 281  34.976 128.378  34.845 128.436  0.883 0.117 0.000  ( Tongyeong )       XHD DUD 
 32  47165 241 267  34.874 126.501  34.817 126.381  0.841 0.159 0.000  ( Mokpo )           AHR VH  
 33  47168 242 276  34.763 127.705  34.739 127.741  0.860 0.140 0.000  ( Yeosu )           DU TN   
 34  47170 245 268  34.435 126.637  34.396 126.702  0.880 0.120 0.000  ( Wando )           DHKS EH 
 35  47184 254 267  33.444 126.510  33.514 126.530  0.909 0.091 0.000  ( Jeju )            WP WN   
 36  47189 255 267  33.334 126.510  33.246 126.565  0.925 0.075 0.000  ( Seogwipo )        TJRNLVH 
 37  47192 238 278  35.201 127.979  35.164 128.040  0.784 0.159 0.057  ( Jinju )           WLS WN  
 38  47203 219 274  37.294 127.454  37.264 127.484  0.825 0.164 0.011  ( Icheon )          DL CJS  
 39  47232 224 273  36.745 127.313  36.762 127.293  0.814 0.186 0.000  ( Cheonan )         CJS DKS
 40  47235 228 268  36.305 126.629  36.327 126.557  0.874 0.126 0.000  ( Boryeong )        QH FUD  
 41  47245 235 270  35.535 126.902  35.563 126.839  0.831 0.130 0.040  ( Jeongup )         WJD DMQ
 42  47247 236 273  35.425 127.307  35.405 127.333  0.869 0.131 0.000  ( Namwon )          SKA DNJS
 43  47251 236 268  35.425 126.633  35.427 126.697  0.861 0.139 0.000  ( Gochang )         RH CKD  
 44  47174 239 273  35.095 127.306  35.075 127.239  0.895 0.105 0.000  ( Suncheon )        TNS CJS 
 45  47279 230 280  36.078 128.262  36.131 128.321  0.798 0.202 0.000  ( Gumi )            RN AL   
 46  47284 234 277  35.642 127.849  35.671 127.911  0.883 0.117 0.000  ( Geochang )        RJ CKD  
 47  47102 211 255  38.155 124.802  37.966 124.633  0.832 0.168 0.000  ( Baengnyeongdo )   QORFUDEH
 48  47169 243 259  34.645 125.434  34.687 125.451  0.000 0.000 0.000  ( Heuksando )       GMRTKSEH
 49  47268 245 267  34.434 126.504  34.473 126.258  0.867 0.133 0.000  ( Jindo )           WLS EH
 50  47185 255 265  33.333 126.248  33.294 126.163  0.891 0.109 0.000  ( Gosan )           RH TKS  
 51  47188 254 270  33.445 126.904  33.387 126.880  0.912 0.088 0.000  ( Seongsan )        TJD TKS 
 52  47255 238 283  35.193 128.651  35.226 128.673  0.783 0.192 0.025  ( Bukchangwon )     QNRCKDDNJS
 53  47887 226 272  36.525 127.175  36.480 127.288  0.738 0.198 0.064  ( Sejong )          TP WHD
 54  47096 217 306  37.193 131.874  37.240 131.870  0.000 0.000 0.999  ( Docdo )           EHR EH
  1  47113 216 267  37.624 126.484  37.463 126.439  0.696 0.191 0.113  ( Incheon Airport ) DLSCJSRHD
  2  47110 217 269  37.515 126.762  37.557 126.798  0.591 0.381 0.028  ( Gimpo Airport )   RLAVHRHD
  3  47182 254 267  33.444 126.510  33.517 126.500  0.909 0.091 0.000  ( Jeju Airport )    WPWNRHD 
  4  47092 212 282  38.054 128.576  38.067 128.667  0.881 0.119 0.000  ( Yangyang Airport )DIDDIDRHD
  5  47153 238 285  35.188 128.920  35.169 128.934  0.600 0.211 0.189  ( Gimhae Airport )  RLAGORHD
  6  47128 224 274  36.744 127.450  36.717 127.500  0.791 0.209 0.000  ( Cheongju Airport )CJDWNRHD
  7  47142 232 283  35.853 128.666  35.891 128.661  0.803 0.197 0.000  ( Daegu Airport )   EORNRHD 
  8  47151 234 288  35.621 129.337  35.593 129.352  0.785 0.127 0.087  ( Ulsan Airport )   DNFTKSRHD
  9  47167 241 275  34.873 127.573  34.847 127.613  0.831 0.169 0.000  ( Yeosu Airport )   DUTNRHD 
 10  47166 241 267  34.874 126.501  34.758 126.381  0.841 0.159 0.000  ( Mokpo Airport )   AHRVHRHD
 11  47161 239 279  35.089 128.112  35.083 128.067  0.870 0.130 0.000  ( Sacheon Airport ) TKCJSRHD
 12  47139 231 289  35.948 129.483  35.989 129.417  0.852 0.148 0.000  ( Pohang Airport )  VHGKDRHD
 13  47158 239 269  35.095 126.768  35.130 126.803  0.790 0.193 0.017  ( Gwangju Airport ) RHKDWNRHD
 14  47163 240 267  34.984 126.501  34.991 126.383  0.807 0.172 0.020  ( Muan Airport )    ANDKSRHD
  1  47262 243 275  34.653 127.571  34.448 127.535  0.865 0.117 0.018  ( Narodo  )         SKFHEH
 97  47177 225 268  36.635 126.627  36.658 126.688  0.859 0.141 0.000  ( Hongseong )       GHD TJD
  1  47551 222 272  36.965 127.176  36.992 127.112  0.784 0.216 0.000  ( Pyeongtaek )      VUD XOR
  2  47283 232 287  35.843 129.208  35.817 129.201  0.878 0.122 0.000  ( Gyeongju )        RUD WN
  3  47266 240 276  34.983 127.708  34.943 127.691  0.777 0.185 0.038  ( Gwangyang )       RHKD DID
  4  47710 240 269  34.985 126.769  35.025 126.744  0.839 0.141 0.020  ( Naju )            SK WN
  5  47701 231 276  35.973 127.717  36.004 127.672  0.874 0.126 0.000  ( Muju )            AN WN
  6  47605 229 276  36.193 127.719  36.163 127.760  0.872 0.128 0.000  ( Yeongdong )       DUD EHD
  1  47003 173 293  42.311 130.306  42.317 130.400  0.886 0.114 0.000  ( Senbong )         TJS QHD
  2  47005 178 280  41.797 128.368  41.817 128.317  0.852 0.148 0.000  ( Samjiyon )        TKAWLDUS
  3  47008 177 290  41.882 129.843  41.783 129.817  0.876 0.124 0.000  ( Chongjin )        CJD WLS
  4  47014 178 270  41.805 126.896  41.783 126.883  0.850 0.150 0.000  ( Chunggang )       WND RKD
  5  47016 182 279  41.359 128.213  41.400 128.167  0.852 0.148 0.000  ( Hyesan )          Gp TKS
  6  47020 186 268  40.924 126.607  40.967 126.600  0.853 0.147 0.000  ( Kanggye )         RKD Rp
  7  47022 187 279  40.809 128.203  40.817 128.150  0.833 0.153 0.014  ( Pungsan )         VND TKS
  8  47025 188 286  40.685 129.215  40.667 129.200  0.837 0.163 0.000  ( Kimchaek )        RLA COR
  9  47028 190 256  40.467 124.876  40.450 124.933  0.801 0.130 0.069  ( Supung )          TN VND
 10  47031 191 272  40.375 127.186  40.367 127.250  0.823 0.143 0.034  ( Changjin )        WKD WLS
 11  47035 193 252  40.126 124.311  40.100 124.383  0.515 0.166 0.319  ( Sinuiju )         TLSDMLWN
 12  47037 194 259  40.034 125.319  39.983 125.250  0.839 0.161 0.000  ( Kusong )          RN TJD
 13  47039 193 265  40.152 126.179  40.167 126.250  0.851 0.149 0.000  ( Huichon )         GML CJS
 14  47041 195 275  39.933 127.615  39.933 127.550  0.839 0.161 0.000  ( Hamhung )         GKA GMD
 15  47046 194 279  40.039 128.190  40.033 128.183  0.714 0.286 0.000  ( Sinpo )           TLS VH
 16  47050 198 261  39.597 125.615  39.617 125.650  0.807 0.153 0.040  ( Anju )            DKS WN
 17  47052 202 270  39.165 126.899  39.167 126.833  0.856 0.144 0.000  ( Yangdok )         DID EJR
 18  47055 202 273  39.164 127.324  39.183 127.433  0.849 0.151 0.000  ( Wonsan )          DNJS TKS
 19  47058 203 262  39.049 125.766  39.033 125.783  0.754 0.213 0.033  ( Pyongyang )       VUD DID
 20  47060 206 259  38.714 125.349  38.717 125.367  0.825 0.175 0.000  ( Nampo )           SKA VH
 21  47061 206 279  38.719 128.168  38.733 128.183  0.842 0.158 0.000  ( Changjon )        WKD WJS
 22  47065 208 262  38.499 125.775  38.517 125.767  0.818 0.168 0.013  ( Sariwon )         TKFLDNJS
 23  47067 208 267  38.504 126.478  38.500 126.533  0.838 0.162 0.000  ( Singye )          TLS Rp
 24  47068 211 256  38.158 124.941  38.200 124.883  0.822 0.178 0.000  ( Yongyon )         DYD DUS
 25  47069 212 261  38.058 125.643  38.033 125.700  0.819 0.181 0.000  ( Haeju )           GO WN
 26  47070 213 268  37.954 126.621  37.967 126.567  0.746 0.164 0.090  ( Kaesong )         RO TJD
 27  47075 209 273  38.394 127.321  38.400 127.300  0.844 0.156 0.000  ( Pyonggang )       VUD RKD
